Owner	New Calls Booked	Sales Call Taken	Show Rate %	Unqualified Rate %	Cancellation Rate %	Proposal Rate %	Close Rate %	Close Rate(Show) %	Close Rate(MQL) %	Closed Revenue $	Revenue Per Call $	Revenue Per Showed Up $	Revenue Per Proposal $	Pipeline Revenue $
Matthew Johnson	936.0	812.0	86.752137	12.606838	8.226496	38.141026	35.897436	41.379310	1600.0	292131.0	312.105769	359.767241	13911.000000	8957.0
Osvaldo Olvera	2072.0	1897.0	91.554054	20.270270	5.984556	39.961390	35.907336	39.219821	885.714286	888032.0	428.586873	468.124407	10571.809524	6470.0
Deleted member	105.0	86.0	81.904762	8.571429	14.285714	0.000000	16.190476	19.767442	0.0	12734.0	121.276190	148.069767	0.000000	0.0
Joseph	1143.0	1023.0	89.501312	9.798775	8.136483	23.884514	18.985127	21.212121	387.5	369707.0	323.453193	361.394917	6601.910714	0.0
Kaylynn Brown	783.0	624.0	79.693487	13.537676	20.306513	0.000000	13.793103	17.307692	0.0	137958.0	176.191571	221.086538	0.000000	0.0
Andrew Ortiz	926.0	813.0	87.796976	9.827214	9.827214	28.185745	19.438445	22.140221	222.222222	303932.0	328.220302	373.840098	3752.246914	0.0
Zach Elsawey	117.0	84.0	71.794872	14.529915	16.239316	0.000000	20.512821	28.571429	0.0	10243.0	87.547009	121.940476	0.000000	0.0
Shelby Lewis	176.0	131.0	74.431818	6.250000	16.477273	41.477273	10.795455	14.503817	35.185185	36938.0	209.875000	281.969466	684.037037	0.0
1.0	1.0	100.000000	100.000000	0.000000	0.000000	0.000000	0.000000	None	0.0	0.000000	0.000000	0.000000	0.0
Daniel Paulino	100.0	100.0	100.000000	0.000000	0.000000	0.000000	94.000000	94.000000	0.0	77336.0	773.360000	773.360000	0.000000	0.0
Joseph, Osvaldo Olvera	1.0	1.0	100.000000	0.000000	0.000000	0.000000	0.000000	0.000000	None	0.0	0.000000	0.000000	0.000000	0.0
Joseph, Matthew Johnson	2.0	2.0	100.000000	0.000000	0.000000	0.000000	0.000000	0.000000	None	0.0	0.000000	0.000000	0.000000	0.0
Self Signup	1.0	1.0	100.000000	0.000000	0.000000	0.000000	100.000000	100.000000	0.0	397.0	397.000000	397.000000	0.000000	0.0
Deleted member, Osvaldo Olvera	1.0	1.0	100.000000	0.000000	0.000000	0.000000	100.000000	100.000000	0.0	397.0	397.000000	397.000000	0.000000	0.0
Total	6364.0	5576.0	87.617850